1,id,pid,lot_subclass,lot_frontage,lot_area,house_qual,house_cond,year_built,year_remodel,wall_area,exterior_qual,exterior_cond,bsmt_qual,bsmt_cond,bsmt_type1_score,bsmt_type1_area,bsmt_type2_score,bsmt_type2_area,bsmt_unfinish_area,bsmt_total_area,heating_cond,floor_1_area,floor_2_area,floor_lowqual_total_area,ground_total_area,bath_full_bsmt_num,bath_half_bsmt_num,bath_full_bsmt_num,bath_full_ground_num,bath_half_ground_num,kitchen_num,kitchen_qual,rooms_num,fireplace_num,fireplace_score,garage_year,garage_car_num,garage_area,garage_qual,garage_cond,wooddeck_area,porch_open_area,porch_enclosed_area,porch_3season_area,porch_screen_area,pool_area,pool_qual,misc_value,sold_month,sold_year,sale_price
id,1.0,0.1754776131643119,0.0269051182726308,-0.027317718256141068,0.031632516734895,-0.06287639029729021,-0.025887888121844452,-0.06501045529649045,-0.09061323688325497,-0.038765202971829914,-0.07305606238088326,-0.017476644236933132,-0.05456401534595969,0.027053816370008834,-0.06926999204978332,-0.05162886445479786,-0.00840795979923006,0.0008463237008722705,0.008086859296045025,-0.04450116404923081,-0.02948811551046603,-0.02808186424666258,-0.00809936760220394,0.011766568061550088,-0.02777109987518988,-0.03396819000990112,0.012909201019593962,-0.05943920628490294,-0.042625272861559885,0.01102467889306273,-0.0023133751248885152,-0.06658221423648664,-0.01151113229256606,-0.03870485152255038,0.015002640455580417,-0.05130220426245123,-0.049365201480930945,-0.0468969656164941,-0.03823090190419159,-0.03577087293103971,-0.01053296664209567,-0.0013637736624550535,0.03391529398728803,-0.022751048842928574,0.0098820015573331,0.057847376832643585,-0.06854243306874515,-0.03270521870788854,0.12738113016046937,-0.9757650415738743,-0.05141591008042224
pid,0.1754776131643119,1.0,-0.0032345668266595073,-0.10263724657319491,0.018315351890869438,-0.2697277477628819,0.10744294582754449,-0.34867718928136615,-0.17803872436029952,-0.25700134638322514,-0.229934768988048,0.040085309099021596,-0.201471276985203,-0.08692318604510174,-0.09760547192525554,-0.10087303557348365,-0.004238916876279903,-0.012858290866765952,-0.11184784382961334,-0.22582490022311974,-0.10444345471862736,-0.16261962645478573,-0.005949213663839363,0.072414691752506,-0.12449089086784479,-0.03272284211623434,-0.003710240917359305,-0.18029052085949374,-0.165452649619524,0.009548198046101374,0.068658765316173,-0.19749895267042059,-0.09055675789258953,-0.12436666429105435,-0.03154575157766613,-0.25284940577298537,-0.22958905880689184,-0.20625866466135673,-0.1324270273937827,-0.1231878495634856,-0.0436262250733668,-0.08751850988144444,0.1506474600530002,-0.02458802864809677,-0.041763139811921875,-0.0005291406148217536,0.6261822301977595,-0.014021120344052666,-0.03253203537121415,0.008693165785426804,-0.2550677085231337
lot_subclass,0.0269051182726308,-0.0032345668266595073,1.0,-0.40284665854657636,-0.24903860880978182,0.03696164173739961,-0.07036029191213519,0.03648161032992151,0.045332956157156386,-0.0014600894286501433,0.01839605658168897,-0.05719558812187503,0.08154438477566724,-0.02565597490106429,0.06678562315072098,-0.0608243799904734,-0.035131224489217815,-0.06839344009116717,-0.139485752710554,-0.23486046353834422,-0.023869814662721405,-0.2536139190156025,0.30565467037677085,0.031055205790506052,0.07315107570099824,0.0254853978421921,-0.015725205909946863,0.14245332434458702,0.18006230797844353,-0.00395497875980213,0.25208309238924503,-0.01871749907870116,0.03708084794394282,-0.05458007197469528,-0.08441295575902756,0.08548510116898508,-0.04852357124916904,-0.10783545822258091,0.035266580537845,-0.017584499389315847,0.0030839421853066096,-0.017906041699438217,-0.03999843214884073,-0.030133412440221736,-0.03893959285175276,-0.005250210377667506,0.2571317471804561,-0.01983022910477039,0.013693483149123517,-0.03313389658322551,-0.08733120857793228
lot_frontage,-0.027317718256141068,-0.10263724657319491,-0.40284665854657636,1.0,0.5414876162381874,0.18157516940667265,-0.052404738882546376,0.10424864067621048,0.07942791011759483,0.19407234187154368,0.1340958973427921,-0.024662679531212782,0.14965725167390115,0.05983666236231674,0.049351569133518645,0.1474423070869112,0.01317491853813085,0.040310114650196086,0.13220403622067203,0.30426376898411456,0.08457460734246454,0.43215324528033866,0.0058786026076063595,0.0005598987097088603,0.34630592036962843,0.09470680847773165,-0.036205359814191006,0.15207726667075616,0.0269286537490646,0.2285767091077232,0.018031769621770933,0.16720770474191876,0.34901759960245116,0.23546997133952793,0.09088921107645165,0.061221372208913466,0.3035422169944124,0.34237152039486485,0.0576754642049918,0.047325375372837236,0.10774865186955068,0.16115522271877372,-0.0004141869850373199,0.033767753894374614,0.07973660120721929,0.08537848933529604,-0.11619434191800311,0.013633637246672608,-0.008145876207105543,0.009274598354408976,0.35552980246085186
lot_area,0.031632516734895,0.018315351890869438,-0.24903860880978182,0.5414876162381874,1.0,0.09162125627501702,-0.01646080022680289,0.02938820669238836,0.04480396458742844,0.1449792966496981,0.07469978426495766,0.021438223728912003,0.10621822739142989,0.04811555803965653,0.051526223717142244,0.16607431317549456,0.03414844490690007,0.0443702419019524,0.04044967258470601,0.23076670391076723,0.017207010754482922,0.3481232249740741,0.02589767411610835,0.0019619706400288133,0.2945424889042583,0.10438234338194691,0.023591513659568592,0.12352150486410889,0.043360051313083056,0.14343846508118732,-0.012508878893086021,0.10840473092934325,0.219947022685989,0.27699709901747716,0.01958188768939486,-0.0023312641901745367,0.2149355609185667,0.24630793424105463,0.06125304098597755,0.03267850703857098,0.14801425707745164,0.11670147793369715,0.016749020444697366,0.020589418680622557,0.07088985741658385,0.07013841353044838,-0.0002662323029934443,0.04271041844264655,0.007862714218787889,-0.029471010929131913,0.3037440460663828
house_qual,-0.06287639029729021,-0.2697277477628819,0.03696164173739961,0.18157516940667265,0.09162125627501702,1.0,-0.08172286114658912,0.6023757729772293,0.5840803169819939,0.43234521797803005,0.7383695193658885,0.02111525420891782,0.6788471703423421,0.1910313584885083,0.24236524541186347,0.26682861866067276,-0.05787843612958862,-0.02752569776746393,0.2756254780719116,0.5523972339769809,0.4751348866760001,0.47478295433119444,0.22822194881850222,-0.05224060497718157,0.5649331777909452,0.17075245376262366,-0.05230601499721448,0.5150521478333092,0.2727173361513337,0.0546919628751445,-0.171044458971975,0.6888782300691693,0.3752677960925819,0.38414652080507256,0.3260988915606623,0.5739088831323778,0.5874173570007781,0.5598043000754419,0.20929504564782822,0.17378021826596543,0.2528897822499272,0.30050389796250865,-0.1541204209146123,0.03232882657202803,0.049700918243150996,-0.010642782263761835,0.35884698028717144,-0.02269167330161306,0.020040355370727143,-0.011059955818785295,0.8034623524018351
house_cond,-0.025887888121844452,0.10744294582754449,-0.07036029191213519,-0.052404738882546376,-0.01646080022680289,-0.08172286114658912,1.0,-0.3706992037259001,0.04322252385586489,-0.13517747735263771,-0.15568594789080056,0.4122996126885507,-0.28525203988838754,0.10661650870216557,-0.029911137391726732,-0.0430653517506136,0.08938197293398736,0.04767406993194178,-0.13035021186635543,-0.16205328130579305,0.0028615470200659982,-0.15306351477078356,0.011091304330951903,0.004700032950285022,-0.10922691246295278,-0.03819461969751888,0.10154334780969067,-0.21889758497141393,-0.09272504626100682,-0.010118930043829032,-0.09584097876658236,-0.04775797972110079,-0.09230783298763479,-0.005000845044216928,-0.04796747716221028,-0.3314013859226332,-0.16817218282866986,-0.1370404667863876,0.016628327672006293,0.04298909901237936,0.012181808848071823,-0.050433511452553585,0.10815338750233941,0.026859858177607183,0.04722373624592418,-0.0027920489817455196,-0.0727392967453308,0.028513112354963805,-0.003278767755154332,0.04757027976399453,-0.09709281151955115
year_built,-0.06501045529649045,-0.34867718928136615,0.03648161032992151,0.10424864067621048,0.02938820669238836,0.6023757729772293,-0.3706992037259001,1.0,0.6286132076811835,0.3284005697859621,0.6159052067604864,-0.08455060342331568,0.7382315109518922,0.21464926426449174,0.366094171528981,0.27744011499768223,-0.030102431034523803,-0.020705404707731377,0.13625628465449394,0.42049260633502417,0.4632322088892747,0.3269768266229296,0.021941599434401497,-0.15938987966194298,0.2576050445476584,0.21347532522806614,-0.033639219885824266,0.4797432291716399,0.28214872591104967,-0.04170141662838449,-0.12701426585210476,0.5362929635228101,0.13396844476550177,0.16623123882233465,0.0762877527266626,0.8250703392049216,0.542165165588449,0.48656446247883745,0.2584198063388431,0.21867643253053792,0.21457069995221495,0.20477831271477537,-0.37993426770164823,0.016236563601447287,-0.037555710342999385,-0.0038112540455110706,0.30080155454358665,-0.022036153856276552,-0.006788995094695534,-0.00331511203712493,0.5724050297123932
year_remodel,-0.09061323688325497,-0.17803872436029952,0.045332956157156386,0.07942791011759483,0.04480396458742844,0.5840803169819939,0.04322252385586489,0.6286132076811835,1.0,0.20852705410685746,0.6167281686979342,0.10299763024838753,0.5972406076714387,0.14476150652436676,0.2389279375121231,0.16375218761779373,-0.05136710294647065,-0.0568740683231107,0.15968118621339256,0.31363670707617597,0.5633263105288292,0.24455093054797472,0.1594550590562139,-0.06649887937950222,0.3235323471982053,0.15169133063838472,-0.04009022281939248,0.4711299797473842,0.2230068606622176,-0.01928260858298114,-0.13578702119185732,0.6170386541260331,0.19949173304932336,0.13622740453376597,0.19958893283050594,0.6735815059145437,0.44128599319782086,0.39785618381037186,0.18198880984713925,0.11726674563527775,0.21456335834686757,0.2624797312233835,-0.2372688935071514,0.040558905853848706,-0.04091427842386581,-0.03056697515658284,-0.06629245649354241,-0.02467508889465372,0.01184961990368434,0.04302251622185912,0.5508715191778374
wall_area,-0.038765202971829914,-0.25700134638322514,-0.0014600894286501433,0.19407234187154368,0.1449792966496981,0.43234521797803005,-0.13517747735263771,0.3284005697859621,0.20852705410685746,1.0,0.3690188964334633,-0.012897704168677047,0.3465087703276455,0.0753583500111448,0.22035192897081837,0.29289556970724495,-0.03134892729960768,-0.015478193702989137,0.08381123187100871,0.38326170547448396,0.18568776426801878,0.36361500456838,0.1016574819574077,-0.06220447517635206,0.36481545121579384,0.14101522642207465,-0.0010381720662946661,0.23949527292658068,0.18901460580517945,0.058297589132026005,-0.0706321764805986,0.32623807208179634,0.255277813616265,0.2595786741576025,0.1571371418168822,0.2644210019307398,0.36090279507644285,0.37409592269799036,0.09308615140322202,0.07505612098063776,0.1533047119038652,0.13931073568709,-0.1066861128132132,0.011859673571118317,0.08939023040681708,-0.012761438323198275,-0.5203721529767045,-0.018527718435444065,-0.002158609477064554,-0.01741927811013749,0.5200230606305775
exterior_qual,-0.07305606238088326,-0.229934768988048,0.01839605658168897,0.1340958973427921,0.07469978426495766,0.7383695193658885,-0.15568594789080056,0.6159052067604864,0.6167281686979342,0.3690188964334633,1.0,0.03527429856367799,0.6598906653155645,0.17548815624476924,0.23542013819743662,0.2282149178717879,-0.05693691974703012,-0.041203891095987516,0.24062554513893358,0.4707201993720034,0.5255643850243749,0.40146372856938933,0.14234293920461538,-0.08609868887555698,0.4289209614169625,0.15894210265138906,-0.06724079565752214,0.4606265177638696,0.20775231892331755,-0.06300461101396998,-0.15321956984418755,0.729047739781396,0.2655549104256067,0.2393173477543409,0.3244909094659574,0.6075978149466641,0.5219760279484809,0.509176942751247,0.15278644760009305,0.09919346907705406,0.20258050847087114,0.2910459349491471,-0.18069695391416973,0.046455506758637695,0.020008435751653827,-0.0006784254432226669,0.7481900559272088,-0.03446035005590393,0.017353307734798436,0.013141740753422573,0.7150477522134503
exterior_cond,-0.017476644236933132,0.040085309099021596,-0.05719558812187503,-0.024662679531212782,0.021438223728912003,0.02111525420891782,0.4122996126885507,-0.08455060342331568,0.10299763024838753,-0.012897704168677047,0.03527429856367799,1.0,-0.07343432171580334,0.15190377523141793,0.049474557256733435,0.05012720433150139,0.09078359373481552,0.09296572394427302,-0.09509817169529347,-0.011555990784093034,0.07638200770750299,-0.0064974386944049,0.03755988709376853,-0.04020875559098825,0.023607141255945437,0.0500722353068961,0.04127659038560064,-0.00840850709858709,-0.013577283624642094,0.007104192212536003,-0.040910930305174606,0.04376872872512496,0.002964760139163409,0.03361100604362415,-0.04867062741755254,-0.07822398259566002,0.0024759717507851628,0.03235877008923021,0.09230436803852037,0.11168114022510015,0.045950015182283734,0.03223359773899601,0.05054510671429121,0.01309432901466306,0.04664613598647465,-0.015985792059623593,1.0490621510628938e-16,0.003719153895890537,0.007721904074729202,0.026358722828469107,0.036392694141960155
bsmt_qual,-0.05456401534595969,-0.201471276985203,0.08154438477566724,0.14965725167390115,0.10621822739142989,0.6788471703423421,-0.28525203988838754,0.7382315109518922,0.5972406076714387,0.3465087703276455,0.6598906653155645,-0.07343432171580334,1.0,0.21226109700463666,0.3256387201640073,0.2995322962442128,-0.05265200512245384,-0.04172240613379661,0.1243136596332045,0.45497868312342526,0.4396534852414677,0.38880092059396887,0.12364225862848602,-0.07592434995670735,0.4037205291701441,0.22403424285678963,-0.043594081879724585,0.48364502026465644,0.24248359110996287,-0.06600553402389749,-0.11347648379170223,0.5930277530504677,0.23646959497953834,0.24245438186463955,0.22758715481999067,0.679563077134296,0.5449262353540234,0.4913527097212901,0.163370067972592,0.13971503556710535,0.2683815677853229,0.2670616961234564,-0.2450181471984605,0.023227677707432916,0.017660388387921368,0.0003714726469947764,0.35355339059327373,-0.023141266891969485,0.01221525753346401,0.0012628354295453862,0.6800127441185021
bsmt_cond,0.027053816370008834,-0.08692318604510174,-0.02565597490106429,0.05983666236231674,0.04811555803965653,0.1910313584885083,0.10661650870216557,0.21464926426449174,0.14476150652436676,0.0753583500111448,0.17548815624476924,0.15190377523141793,0.21226109700463666,1.0,0.15628853010215749,0.10712928178825595,0.06092611042882063,0.051942792383384576,-0.02570645249667312,0.11263677065593602,0.10581302183405634,0.10490480398754945,-0.01907481673396374,-0.06603739096748025,0.057702025739358426,0.11998536415319574,0.04337471493842149,0.09416242708118533,0.05054777446636402,-0.01406134230927025,-0.058493256699329615,0.17198796762425203,0.018639882834496215,0.08258236464835657,-0.012712148022363708,0.16158750669660135,0.15424771034704077,0.14240333660267454,0.10514023253370286,0.0990281222624412,0.09200158295331937,0.07065808573837169,-0.06499053731678109,-0.04806592826068423,-0.016245337774438474,-0.0018470718542897805,,0.0015198895749791747,0.0068972645457809545,-0.04692186141495579,0.17630771626265554
bsmt_type1_score,-0.06926999204978332,-0.09760547192525554,0.06678562315072098,0.049351569133518645,0.051526223717142244,0.24236524541186347,-0.029911137391726732,0.366094171528981,0.2389279375121231,0.22035192897081837,0.23542013819743662,0.049474557256733435,0.3256387201640073,0.15628853010215749,1.0,0.7146699428350163,0.052707275788519005,0.01849181326191209,-0.47631911285702694,0.2719252695356865,0.15853434005720826,0.233464619616585,-0.12235222534811524,-0.10070910786265562,0.06272511312275618,0.5830410955859328,0.0532538228882874,0.08825010017279813,0.014803083457335633,-0.15585731211602233,-0.11737035673351962,0.2479388883925764,-0.05830042289045162,0.17232509704049778,-0.07025044401348939,0.2754552153348611,0.21993185494268738,0.24482621388133285,0.1608436355113348,0.12727639032757454,0.17370078609349862,0.09328585796858506,-0.1316798436393273,0.02861017323757311,0.029548913932228506,0.003100136732790951,-0.5444543033712506,0.03098898685360327,-0.023547130589072644,0.05941999684036794,0.3249330853685958
bsmt_type1_area,-0.05162886445479786,-0.10087303557348365,-0.0608243799904734,0.1474423070869112,0.16607431317549456,0.26682861866067276,-0.0430653517506136,0.27744011499768223,0.16375218761779373,0.29289556970724495,0.2282149178717879,0.05012720433150139,0.2995322962442128,0.10712928178825595,0.7146699428350163,1.0,-0.03589180733140322,-0.049885098717732224,-0.5001853469196629,0.490323040667,0.11562746903081111,0.4124363525526071,-0.18173619769049346,-0.08115595855277091,0.15411902990562173,0.6570267644763755,0.06823420674763457,0.07118798006160122,-0.019315484119548938,-0.12376189913405113,-0.09913620532999277,0.24534512741064524,0.01650996618115446,0.2839334603263557,-0.011050814058472852,0.18659364228766354,0.2656095289614557,0.31233882404922525,0.15037129623395337,0.11427787415001228,0.20611307060676196,0.10148737894735255,-0.07706861242389502,0.05106226233990607,0.1006102161351511,0.007150532281544459,-0.4221415954075673,0.02609603695826694,-0.005524732244173232,0.041201505588922265,0.4457643295761576
bsmt_type2_score,-0.00840795979923006,-0.004238916876279903,-0.035131224489217815,0.01317491853813085,0.03414844490690007,-0.05787843612958862,0.08938197293398736,-0.030102431034523803,-0.05136710294647065,-0.03134892729960768,-0.05693691974703012,0.09078359373481552,-0.05265200512245384,0.06092611042882063,0.052707275788519005,-0.03589180733140322,1.0,0.7912118511783827,-0.24357572329104218,0.022868116630290033,-0.07619715095786443,0.0487258696728156,-0.09602697857526,-0.004506195517421894,-0.04746368117963621,0.15028728014593418,0.11141004772935095,-0.09759382686757964,-0.04778601344953484,-0.07289234348400003,-0.029995620896061337,-0.019640356729081505,-0.07886968520301087,0.046304341176099405,-0.17289004061224944,-0.06875030299554231,-0.02959349445333563,-0.005789970182249387,0.05302997417259431,0.045459645055495365,0.08027001349034914,-0.04099230226495316,0.029687605107198572,-0.0004341227468768563,0.05386483156590516,0.04789603372916951,-0.25458753860865774,0.009720513845381125,-0.00330272942402201,0.015365193675596928,-0.021088364125009848
bsmt_type2_area,0.0008463237008722705,-0.012858290866765952,-0.06839344009116717,0.040310114650196086,0.0443702419019524,-0.02752569776746393,0.04767406993194178,-0.020705404707731377,-0.0568740683231107,-0.015478193702989137,-0.041203891095987516,0.09296572394427302,-0.04172240613379661,0.051942792383384576,0.01849181326191209,-0.049885098717732224,0.7912118511783827,1.0,-0.23128655425317737,0.09431752169324709,-0.07198917186770885,0.10291018540714919,-0.08746943866242313,-0.0027952439897516,0.0033795464739376072,0.15799397642079574,0.09472709904538798,-0.07394995125171361,-0.01613003173779048,-0.043425060631367085,-0.03647499212064797,-0.014366796331727072,-0.046640848316189414,0.0691506152663145,-0.12105377748426524,-0.062202087747392824,-0.001861022707291966,0.014362177553787516,0.047817737812189905,0.031254388203237976,0.10681873922990237,-0.0029749040481102757,0.004433825890824649,-0.0242550564493121,0.09633131705637477,0.06541608405033529,-0.5738333599584308,-0.0017586442485961061,-0.01403902236718209,-7.28337624133582e-05,0.016221892898954163
bsmt_unfinish_area,0.008086859296045025,-0.11184784382961334,-0.139485752710554,0.13220403622067203,0.04044967258470601,0.2756254780719116,-0.13035021186635543,0.13625628465449394,0.15968118621339256,0.08381123187100871,0.24062554513893358,-0.09509817169529347,0.1243136596332045,-0.02570645249667312,-0.47631911285702694,-0.5001853469196629,-0.24357572329104218,-0.23128655425317737,1.0,0.43829209187961066,0.17321643601131156,0.3115727162746366,-0.01233842162252709,0.05964498177691895,0.2386510717809337,-0.4045207659567394,-0.11228946510706467,0.2784581770237669,-0.043179161251590034,0.19154353717864325,0.06303363713850631,0.184385013479542,0.2561434697397199,0.0009941483590880367,0.27669759056738,0.17738087570359093,0.16719461869920121,0.1448608893540427,-0.034804998139784125,-0.03141790821598192,-0.036460019957640685,0.11433360961013517,-0.01067917829583016,0.02046259397310959,-0.055447698117399156,-0.03934378503332876,0.6082232079812318,-0.029943208967286444,0.019082440231755093,-0.04334728334977451,0.190231471122448
bsmt_total_area,-0.04450116404923081,-0.22582490022311974,-0.23486046353834422,0.30426376898411456,0.23076670391076723,0.5523972339769809,-0.16205328130579305,0.42049260633502417,0.31363670707617597,0.38326170547448396,0.4707201993720034,-0.011555990784093034,0.45497868312342526,0.11263677065593602,0.2719252695356865,0.490323040667,0.022868116630290033,0.09431752169324709,0.43829209187961066,1.0,0.2722580875025208,0.7906741813329445,-0.23426979510377152,-0.022553471706896307,0.40947060951801295,0.31728468392434256,-0.010124159062580376,0.33551302228304497,-0.07125311460533469,0.05544751824622682,-0.0506102791702894,0.4400753360169577,0.26637542034550454,0.3207812866216903,0.22200601625144303,0.3561767252698713,0.4478856097785773,0.4790709401527417,0.1392486523795768,0.09857916781833832,0.21597171431156365,0.2229225351506091,-0.08895177286470662,0.06465596851535119,0.08322939489762687,-0.008363211123023483,-0.2568374737688685,-0.005014141847407683,0.00878418731216638,-0.0027685620944693577,0.6648185542342658
heating_cond,-0.02948811551046603,-0.10444345471862736,-0.023869814662721405,0.08457460734246454,0.017207010754482922,0.4751348866760001,0.0028615470200659982,0.4632322088892747,0.5633263105288292,0.18568776426801878,0.5255643850243749,0.07638200770750299,0.4396534852414677,0.10581302183405634,0.15853434005720826,0.11562746903081111,-0.07619715095786443,-0.07198917186770885,0.17321643601131156,0.2722580875025208,1.0,0.17926709830254042,0.16392499185367976,-0.032621845856132294,0.2800693538478979,0.07814227844452128,-0.039355183567932744,0.3204661609279214,0.19345269797608092,-0.008915131575524558,-0.1758189579290468,0.5125654561097338,0.1755463475619581,0.1359739726638738,0.23363075706061534,0.4826158052874665,0.34208920283338834,0.3136632336259553,0.1202319119994079,0.0986489803287329,0.1305260496659482,0.20843667872127955,-0.12119726838192797,0.03507127992014253,-0.022421009899056592,-0.04558776930412194,0.363696483726654,0.0004965914216638299,0.006047069600749692,0.00052308475957549,0.4586357751528805
floor_1_area,-0.02808186424666258,-0.16261962645478573,-0.2536139190156025,0.43215324528033866,0.3481232249740741,0.47478295433119444,-0.15306351477078356,0.3269768266229296,0.24455093054797472,0.36361500456838,0.40146372856938933,-0.0064974386944049,0.38880092059396887,0.10490480398754945,0.233464619616585,0.4124363525526071,0.0487258696728156,0.10291018540714919,0.3115727162746366,0.7906741813329445,0.17926709830254042,1.0,-0.2842185221900843,-0.009843437154090143,0.5302793560912961,0.26352510724864825,-0.008855854632625856,0.3773794715092044,-0.12955908489311752,0.09931034499362837,0.07838595391759706,0.4054583451300485,0.37137506711339857,0.38650525013062076,0.2196551517704782,0.2654722141205074,0.45018962954596614,0.4894708086596849,0.15041698671867837,0.11903583811421402,0.21536357271221154,0.22441187568231716,-0.042451120689104886,0.07108423504215824,0.09604312383784396,0.08214260787254184,0.6019185138571042,-0.004416658701989013,0.03000190423785569,-0.005559288384136063,0.6482516506656046
floor_2_area,-0.00809936760220394,-0.005949213663839363,0.30565467037677085,0.0058786026076063595,0.02589767411610835,0.22822194881850222,0.011091304330951903,0.021941599434401497,0.1594550590562139,0.1016574819574077,0.14234293920461538,0.03755988709376853,0.12364225862848602,-0.01907481673396374,-0.12235222534811524,-0.18173619769049346,-0.09602697857526,-0.08746943866242313,-0.01233842162252709,-0.23426979510377152,0.16392499185367976,-0.2842185221900843,1.0,0.014691239344947675,0.6558655733526584,-0.1663492287645962,-0.06705347663009792,0.383180420515995,0.6151186013416814,0.5033415836846237,0.045399742200800834,0.1481893225272082,0.5813559263060288,0.17093341069454104,0.07692287158248197,0.09206245175435848,0.17361995767553234,0.12029563977599772,-0.0032606013872712634,-0.017281864531082634,0.11016124607330131,0.1673619570175167,0.021224164535637306,-0.033155351847598345,0.03522581398240093,0.003777327602614022,-0.3236160914723187,0.02064824398995248,0.03218511271690801,-0.012269084460714896,0.24882550331596165
floor_lowqual_total_area,0.011766568061550088,0.072414691752506,0.031055205790506052,0.0005598987097088603,0.0019619706400288133,-0.05224060497718157,0.004700032950285022,-0.15938987966194298,-0.06649887937950222,-0.06220447517635206,-0.08609868887555698,-0.04020875559098825,-0.07592434995670735,-0.06603739096748025,-0.10070910786265562,-0.08115595855277091,-0.004506195517421894,-0.0027952439897516,0.05964498177691895,-0.022553471706896307,-0.032621845856132294,-0.009843437154090143,0.014691239344947675,1.0,0.11036751018831861,-0.05772515492983638,-0.027146522355083913,0.002667828904556709,-0.04135131475096496,0.07344105283613185,0.00625561281018863,-0.043199801231869554,0.12370382856018926,-0.0015419156660704363,0.009340695274763205,-0.05562694488009364,-0.08094276355703682,-0.07130112132311414,0.027746650489381026,-0.013845151807028368,-0.017066656446133397,-0.005795460988993818,0.08985021427444365,-0.0034717030136639983,0.014188230689341245,-0.0064479970338304805,,-0.0055496608360431805,0.02447621716212343,0.001266177787453732,-0.04160798938613878
ground_total_area,-0.02777109987518988,-0.12449089086784479,0.07315107570099824,0.34630592036962843,0.2945424889042583,0.5649331777909452,-0.10922691246295278,0.2576050445476584,0.3235323471982053,0.36481545121579384,0.4289209614169625,0.023607141255945437,0.4037205291701441,0.057702025739358426,0.06272511312275618,0.15411902990562173,-0.04746368117963621,0.0033795464739376072,0.2386510717809337,0.40947060951801295,0.2800693538478979,0.5302793560912961,0.6558655733526584,0.11036751018831861,1.0,0.05166374185015693,-0.0688212764671858,0.6304618749172632,0.4334596811594624,0.5261963956192851,0.10159877493709972,0.44167205977838364,0.8121286437704776,0.4511902030564133,0.25353364020865565,0.2863378616626125,0.49485125917071826,0.4798149948796063,0.11841740646525234,0.07727282540150457,0.26276967516527194,0.3211293410522104,-0.005080669044568719,0.02605577648646579,0.10729793838015676,0.06672857004703504,0.23837227944420036,0.014059855166723588,0.05418282640011002,-0.014953807584646829,0.7194632022924587
bath_full_bsmt_num,-0.03396819000990112,-0.03272284211623434,0.0254853978421921,0.09470680847773165,0.10438234338194691,0.17075245376262366,-0.03819461969751888,0.21347532522806614,0.15169133063838472,0.14101522642207465,0.15894210265138906,0.0500722353068961,0.22403424285678963,0.11998536415319574,0.5830410955859328,0.6570267644763755,0.15028728014593418,0.15799397642079574,-0.4045207659567394,0.31728468392434256,0.07814227844452128,0.26352510724864825,-0.1663492287645962,-0.05772515492983638,0.05166374185015693,1.0,-0.14939915353709948,-0.012372157536107249,-0.028565841164226738,-0.15900135672710608,-0.029138515763315227,0.17091924876396364,-0.048394901111702096,0.15796530896112382,-0.0042028325033343205,0.14213870818549743,0.1721598495256215,0.198509069704901,0.09306547985893261,0.06425457007060882,0.1947468461398123,0.08259013883132289,-0.07278860406702249,0.023236689589673554,0.0561191024105784,0.026274291750316033,-0.4879500364742666,-0.025429791846312853,-0.007580969380309712,0.03550160995781894,0.2847632233268103
bath_half_bsmt_num,0.012909201019593962,-0.003710240917359305,-0.015725205909946863,-0.036205359814191006,0.023591513659568592,-0.05230601499721448,0.10154334780969067,-0.033639219885824266,-0.04009022281939248,-0.0010381720662946661,-0.06724079565752214,0.04127659038560064,-0.043594081879724585,0.04337471493842149,0.0532538228882874,0.06823420674763457,0.11141004772935095,0.09472709904538798,-0.11228946510706467,-0.010124159062580376,-0.039355183567932744,-0.008855854632625856,-0.06705347663009792,-0.027146522355083913,-0.0688212764671858,-0.14939915353709948,1.0,-0.061634006756000385,-0.04964430813955718,0.014693153771937187,-0.07925481723997961,-0.04250287982584209,-0.06470741132916051,0.058437650306985646,-0.11929707151402485,-0.062086155972976925,-0.035982515932598644,-0.030498772833094757,0.01619125969978706,0.027570010885200804,0.025647647746133845,-0.04491723865989105,-0.011492827305679996,0.030850231736685274,0.03821506622496169,0.0708054046579786,0.23809523809523808,-0.004635881757114833,0.023748462974353415,-0.00900838820568289,-0.0455713711125557
bath_full_bsmt_num,-0.05943920628490294,-0.18029052085949374,0.14245332434458702,0.15207726667075616,0.12352150486410889,0.5150521478333092,-0.21889758497141393,0.4797432291716399,0.4711299797473842,0.23949527292658068,0.4606265177638696,-0.00840850709858709,0.48364502026465644,0.09416242708118533,0.08825010017279813,0.07118798006160122,-0.09759382686757964,-0.07394995125171361,0.2784581770237669,0.33551302228304497,0.3204661609279214,0.3773794715092044,0.383180420515995,0.002667828904556709,0.6304618749172632,-0.012372157536107249,-0.061634006756000385,1.0,0.15287426229268639,0.3446255698550175,0.166143818098741,0.4204484304926156,0.5218647978845052,0.21766616314256676,0.16012325557954513,0.5023619276990964,0.4672154248295879,0.3983824346360142,0.13187158985178302,0.06992824213144015,0.17444424275229614,0.2440580168056988,-0.12514396543223402,0.027955348592794176,-0.014084012748271238,0.005971290008717563,0.02262814111007102,-0.010276352771768204,0.04966847301528713,0.007300845296915594,0.5382250338363078
bath_full_ground_num,-0.042625272861559885,-0.165452649619524,0.18006230797844353,0.0269286537490646,0.043360051313083056,0.2727173361513337,-0.09272504626100682,0.28214872591104967,0.2230068606622176,0.18901460580517945,0.20775231892331755,-0.013577283624642094,0.24248359110996287,0.05054777446636402,0.014803083457335633,-0.019315484119548938,-0.04778601344953484,-0.01613003173779048,-0.043179161251590034,-0.07125311460533469,0.19345269797608092,-0.12955908489311752,0.6151186013416814,-0.04135131475096496,0.4334596811594624,-0.028565841164226738,-0.04964430813955718,0.15287426229268639,1.0,0.23171641676545696,-0.03992962921460925,0.19437975644898556,0.33789786309239894,0.2006782377518018,-0.012662596281555543,0.23551141851503152,0.23104113801531392,0.1741991933086285,0.06517975714532553,0.07747686965328529,0.1230044684868942,0.17780656460065133,-0.10021247100772669,-0.02702561475171366,0.04710272462182582,-0.00668571530373412,-0.29277002188455997,0.049850858203920094,0.010865714953453292,0.0022465552818524285,0.2833715747187073
bath_half_ground_num,0.01102467889306273,0.009548198046101374,-0.00395497875980213,0.2285767091077232,0.14343846508118732,0.0546919628751445,-0.010118930043829032,-0.04170141662838449,-0.01928260858298114,0.058297589132026005,-0.06300461101396998,0.007104192212536003,-0.06600553402389749,-0.01406134230927025,-0.15585731211602233,-0.12376189913405113,-0.07289234348400003,-0.043425060631367085,0.19154353717864325,0.05544751824622682,-0.008915131575524558,0.09931034499362837,0.5033415836846237,0.07344105283613185,0.5261963956192851,-0.15900135672710608,0.014693153771937187,0.3446255698550175,0.23171641676545696,1.0,0.2271882106611847,-0.018602178633593838,0.6650094151128524,0.08034206543565497,0.021208033080485453,-0.03726138793365913,0.0867669470403102,0.07163445331668722,0.01004951643712181,0.009477665482715194,0.03655179298368169,0.05715591429918443,0.032887482446786916,-0.03385293840137197,0.019495078732967203,0.027335680709463628,-0.458682472293863,0.035660946301695105,0.06925366964946349,-0.012006149542922314,0.1371453856865253
kitchen_num,-0.0023133751248885152,0.068658765316173,0.25208309238924503,0.018031769621770933,-0.012508878893086021,-0.171044458971975,-0.09584097876658236,-0.12701426585210476,-0.13578702119185732,-0.0706321764805986,-0.15321956984418755,-0.040910930305174606,-0.11347648379170223,-0.058493256699329615,-0.11737035673351962,-0.09913620532999277,-0.029995620896061337,-0.03647499212064797,0.06303363713850631,-0.0506102791702894,-0.1758189579290468,0.07838595391759706,0.045399742200800834,0.00625561281018863,0.10159877493709972,-0.029138515763315227,-0.07925481723997961,0.166143818098741,-0.03992962921460925,0.2271882106611847,1.0,-0.1694862310812491,0.2805225571084948,-0.1347810867810904,-0.026306690496763565,-0.07567987263847768,-0.034329660733709466,-0.06827170425918,-0.022988548684518238,-0.08243198599036111,-0.08986093294682383,-0.08363959562625865,0.01611535408224245,-0.02103806649003881,-0.058947163311996564,-0.012216251662485363,,0.04544356222517963,0.04715551017605499,0.020760660031935493,-0.12547241090451455
kitchen_qual,-0.06658221423648664,-0.19749895267042059,-0.01871749907870116,0.16720770474191876,0.10840473092934325,0.6888782300691693,-0.04775797972110079,0.5362929635228101,0.6170386541260331,0.32623807208179634,0.729047739781396,0.04376872872512496,0.5930277530504677,0.17198796762425203,0.2479388883925764,0.24534512741064524,-0.019640356729081505,-0.014366796331727072,0.184385013479542,0.4400753360169577,0.5125654561097338,0.4054583451300485,0.1481893225272082,-0.043199801231869554,0.44167205977838364,0.17091924876396364,-0.04250287982584209,0.4204484304926156,0.19437975644898556,-0.018602178633593838,-0.1694862310812491,1.0,0.27913694399583605,0.2547353230335526,0.3461396645383234,0.5318721330368855,0.49123460969006427,0.4824507528798286,0.13332496421520784,0.10726747817477474,0.2215073885820057,0.27934812007147053,-0.1479885928993147,0.027466069660610316,0.03477202304743142,0.013033564792752835,0.03253000243161776,-0.017360452183309213,0.0369430467070787,0.013317511739668565,0.694295288253927
rooms_num,-0.01151113229256606,-0.09055675789258953,0.03708084794394282,0.34901759960245116,0.219947022685989,0.3752677960925819,-0.09230783298763479,0.13396844476550177,0.19949173304932336,0.255277813616265,0.2655549104256067,0.002964760139163409,0.23646959497953834,0.018639882834496215,-0.05830042289045162,0.01650996618115446,-0.07886968520301087,-0.046640848316189414,0.2561434697397199,0.26637542034550454,0.1755463475619581,0.37137506711339857,0.5813559263060288,0.12370382856018926,0.8121286437704776,-0.048394901111702096,-0.06470741132916051,0.5218647978845052,0.33789786309239894,0.6650094151128524,0.2805225571084948,0.27913694399583605,1.0,0.30388063687055034,0.21502982204834004,0.18358384495711444,0.3673333430668136,0.330890624659068,0.057827269930158305,0.01823735399800167,0.17417095792618037,0.20746084052486777,0.007265148601008568,-0.007728290520377155,0.048109053578715096,0.0533116686548803,-0.28227539126016576,0.02818835227818839,0.054420829206120465,-0.020976759194119038,0.5097754066998845
fireplace_num,-0.03870485152255038,-0.12436666429105435,-0.05458007197469528,0.23546997133952793,0.27699709901747716,0.38414652080507256,-0.005000845044216928,0.16623123882233465,0.13622740453376597,0.2595786741576025,0.2393173477543409,0.03361100604362415,0.24245438186463955,0.08258236464835657,0.17232509704049778,0.2839334603263557,0.046304341176099405,0.0691506152663145,0.0009941483590880367,0.3207812866216903,0.1359739726638738,0.38650525013062076,0.17093341069454104,-0.0015419156660704363,0.4511902030564133,0.15796530896112382,0.058437650306985646,0.21766616314256676,0.2006782377518018,0.08034206543565497,-0.1347810867810904,0.2547353230335526,0.30388063687055034,1.0,-0.005179221665656183,0.07956057535253232,0.3100725894381485,0.2835363252342513,0.1258871586511079,0.09398485428503327,0.23523157486538793,0.15829044427508374,0.010519130605162788,0.026836186747260963,0.16870682643588497,0.08847153182110783,0.0992234262979312,-0.01104107426016379,0.020369235613539993,0.0072444672967694095,0.4737828809435042
fireplace_score,0.015002640455580417,-0.03154575157766613,-0.08441295575902756,0.09088921107645165,0.01958188768939486,0.3260988915606623,-0.04796747716221028,0.0762877527266626,0.19958893283050594,0.1571371418168822,0.3244909094659574,-0.04867062741755254,0.22758715481999067,-0.012712148022363708,-0.07025044401348939,-0.011050814058472852,-0.17289004061224944,-0.12105377748426524,0.27669759056738,0.22200601625144303,0.23363075706061534,0.2196551517704782,0.07692287158248197,0.009340695274763205,0.25353364020865565,-0.0042028325033343205,-0.11929707151402485,0.16012325557954513,-0.012662596281555543,0.021208033080485453,-0.026306690496763565,0.3461396645383234,0.21502982204834004,-0.005179221665656183,1.0,0.12159193157371687,0.20446947269807664,0.19695832166832322,-0.01056751782508597,-0.0217007000339377,-0.014859279605504256,0.09246725020411643,-0.05627207642235979,0.04387313635815331,0.009917118716132956,-0.07548632314040281,0.37742567804819865,-0.042291776273177185,0.04118207416034265,-0.03490507835672712,0.3221006196126013
garage_year,-0.05130220426245123,-0.25284940577298537,0.08548510116898508,0.061221372208913466,-0.0023312641901745367,0.5739088831323778,-0.3314013859226332,0.8250703392049216,0.6735815059145437,0.2644210019307398,0.6075978149466641,-0.07822398259566002,0.679563077134296,0.16158750669660135,0.2754552153348611,0.18659364228766354,-0.06875030299554231,-0.062202087747392824,0.17738087570359093,0.3561767252698713,0.4826158052874665,0.2654722141205074,0.09206245175435848,-0.05562694488009364,0.2863378616626125,0.14213870818549743,-0.062086155972976925,0.5023619276990964,0.23551141851503152,-0.03726138793365913,-0.07567987263847768,0.5318721330368855,0.18358384495711444,0.07956057535253232,0.12159193157371687,1.0,0.5793345575194165,0.5526060935650033,0.3298162745894595,0.2396394150713854,0.22008474677437923,0.22303508671844816,-0.29600822707214725,0.02515365105700836,-0.05405513239890503,-0.021570586207305908,0.30080155454358665,-0.016594175219887028,0.013879768953167695,-0.005097458189561078,0.5345142854952766
garage_car_num,-0.049365201480930945,-0.22958905880689184,-0.04852357124916904,0.3035422169944124,0.2149355609185667,0.5874173570007781,-0.16817218282866986,0.542165165588449,0.44128599319782086,0.36090279507644285,0.5219760279484809,0.0024759717507851628,0.5449262353540234,0.15424771034704077,0.21993185494268738,0.2656095289614557,-0.02959349445333563,-0.001861022707291966,0.16719461869920121,0.4478856097785773,0.34208920283338834,0.45018962954596614,0.17361995767553234,-0.08094276355703682,0.49485125917071826,0.1721598495256215,-0.035982515932598644,0.4672154248295879,0.23104113801531392,0.0867669470403102,-0.034329660733709466,0.49123460969006427,0.3673333430668136,0.3100725894381485,0.20446947269807664,0.5793345575194165,1.0,0.8970565209280336,0.15611931075579827,0.09657872653181568,0.2387658679352942,0.21280615015654925,-0.13936016179549413,0.0285064946967952,0.05388482171921682,0.020641557704980065,-0.14547859349066158,-0.026459014912098247,0.020037219947087393,-0.009564875677365726,0.6486667369791733
garage_area,-0.0468969656164941,-0.20625866466135673,-0.10783545822258091,0.34237152039486485,0.24630793424105463,0.5598043000754419,-0.1370404667863876,0.48656446247883745,0.39785618381037186,0.37409592269799036,0.509176942751247,0.03235877008923021,0.4913527097212901,0.14240333660267454,0.24482621388133285,0.31233882404922525,-0.005789970182249387,0.014362177553787516,0.1448608893540427,0.4790709401527417,0.3136632336259553,0.4894708086596849,0.12029563977599772,-0.07130112132311414,0.4798149948796063,0.198509069704901,-0.030498772833094757,0.3983824346360142,0.1741991933086285,0.07163445331668722,-0.06827170425918,0.4824507528798286,0.330890624659068,0.2835363252342513,0.19695832166832322,0.5526060935650033,0.8970565209280336,1.0,0.21187171030179167,0.14849214884957002,0.24058857628905936,0.23421595276600174,-0.11177336915741828,0.044613362085544166,0.07264521787052865,0.019905830062158573,0.013708768066341538,-0.01550394948731277,0.012009979016114945,-0.0030650070233915615,0.6554826990052863
